[127.49999999999999, 87.5, 35.0, 5.0, 0.0, 0.0, 0.0, 0.0, 0.0, 0.0, 0.0, 0.0]
[122.50000000000001, 75.0, 35.0, 5.0, 0.0, 0.0, 0.0, 0.0, 0.0, 0.0, 0.0, 0.0]
[117.5, 80.0, 32.5, 5.0, 0.0, 0.0, 0.0, 0.0, 0.0, 0.0, 0.0, 0.0]
[114.99999999999999, 77.5, 37.5, 5.0, 0.0, 0.0, 0.0, 0.0, 0.0, 0.0, 0.0, 0.0]
[125.0, 90.0, 35.0, 5.0, 0.0, 0.0, 0.0, 0.0, 0.0, 0.0, 0.0, 0.0]
[135.0, 97.5, 42.5, 10.0, 0.0, 0.0, 0.0, 0.0, 0.0, 0.0, 0.0, 0.0]
[114.99999999999999, 85.0, 35.0, 7.5, 0.0, 0.0, 0.0, 0.0, 0.0, 0.0, 0.0, 0.0]
[125.0, 85.0, 37.5, 5.0, 0.0, 0.0, 0.0, 0.0, 0.0, 0.0, 0.0, 0.0]
[110.00000000000001, 72.5, 35.0, 5.0, 0.0, 0.0, 0.0, 0.0, 0.0, 0.0, 0.0, 0.0]
[122.50000000000001, 77.5, 37.5, 2.5, 0.0, 0.0, 0.0, 0.0, 0.0, 0.0, 0.0, 0.0]
[135.0, 92.5, 37.5, 5.0, 0.0, 0.0, 0.0, 0.0, 0.0, 0.0, 0.0, 0.0]
[120.0, 85.0, 40.0, 5.0, 0.0, 0.0, 0.0, 0.0, 0.0, 0.0, 0.0, 0.0]
[120.0, 75.0, 35.0, 2.5, 0.0, 0.0, 0.0, 0.0, 0.0, 0.0, 0.0, 0.0]
[107.5, 75.0, 27.500000000000004, 2.5, 0.0, 0.0, 0.0, 0.0, 0.0, 0.0, 0.0, 0.0]
[145.0, 100.0, 30.0, 5.0, 0.0, 0.0, 0.0, 0.0, 0.0, 0.0, 0.0, 0.0]
[142.5, 110.00000000000001, 37.5, 10.0, 0.0, 0.0, 0.0, 0.0, 0.0, 0.0, 0.0, 0.0]
[135.0, 97.5, 32.5, 10.0, 0.0, 0.0, 0.0, 0.0, 0.0, 0.0, 0.0, 0.0]
[127.49999999999999, 87.5, 35.0, 7.5, 0.0, 0.0, 0.0, 0.0, 0.0, 0.0, 0.0, 0.0]
[142.5, 95.0, 42.5, 7.5, 0.0, 0.0, 0.0, 0.0, 0.0, 0.0, 0.0, 0.0]
[127.49999999999999, 95.0, 37.5, 7.5, 0.0, 0.0, 0.0, 0.0, 0.0, 0.0, 0.0, 0.0]
[135.0, 85.0, 42.5, 5.0, 0.0, 0.0, 0.0, 0.0, 0.0, 0.0, 0.0, 0.0]
[127.49999999999999, 92.5, 37.5, 10.0, 0.0, 0.0, 0.0, 0.0, 0.0, 0.0, 0.0, 0.0]
[114.99999999999999, 90.0, 25.0, 5.0, 0.0, 0.0, 0.0, 0.0, 0.0, 0.0, 0.0, 0.0]
[127.49999999999999, 82.5, 42.5, 12.5, 0.0, 0.0, 0.0, 0.0, 0.0, 0.0, 0.0, 0.0]
[120.0, 85.0, 47.5, 5.0, 0.0, 0.0, 0.0, 0.0, 0.0, 0.0, 0.0, 0.0]
[125.0, 75.0, 40.0, 5.0, 0.0, 0.0, 0.0, 0.0, 0.0, 0.0, 0.0, 0.0]
[125.0, 85.0, 40.0, 10.0, 0.0, 0.0, 0.0, 0.0, 0.0, 0.0, 0.0, 0.0]
[130.0, 87.5, 37.5, 5.0, 0.0, 0.0, 0.0, 0.0, 0.0, 0.0, 0.0, 0.0]
[130.0, 85.0, 35.0, 5.0, 0.0, 0.0, 0.0, 0.0, 0.0, 0.0, 0.0, 0.0]
[117.5, 80.0, 40.0, 5.0, 0.0, 0.0, 0.0, 0.0, 0.0, 0.0, 0.0, 0.0]
[120.0, 77.5, 40.0, 5.0, 0.0, 0.0, 0.0, 0.0, 0.0, 0.0, 0.0, 0.0]
[135.0, 85.0, 37.5, 10.0, 0.0, 0.0, 0.0, 0.0, 0.0, 0.0, 0.0, 0.0]
[130.0, 102.49999999999999, 37.5, 2.5, 0.0, 0.0, 0.0, 0.0, 0.0, 0.0, 0.0, 0.0]
[137.5, 105.0, 35.0, 5.0, 0.0, 0.0, 0.0, 0.0, 0.0, 0.0, 0.0, 0.0]
[122.50000000000001, 77.5, 37.5, 2.5, 0.0, 0.0, 0.0, 0.0, 0.0, 0.0, 0.0, 0.0]
[125.0, 80.0, 30.0, 5.0, 0.0, 0.0, 0.0, 0.0, 0.0, 0.0, 0.0, 0.0]
[137.5, 87.5, 32.5, 5.0, 0.0, 0.0, 0.0, 0.0, 0.0, 0.0, 0.0, 0.0]
[122.50000000000001, 77.5, 37.5, 2.5, 0.0, 0.0, 0.0, 0.0, 0.0, 0.0, 0.0, 0.0]
[110.00000000000001, 75.0, 32.5, 5.0, 0.0, 0.0, 0.0, 0.0, 0.0, 0.0, 0.0, 0.0]
[127.49999999999999, 85.0, 37.5, 5.0, 0.0, 0.0, 0.0, 0.0, 0.0, 0.0, 0.0, 0.0]
[125.0, 87.5, 32.5, 7.5, 0.0, 0.0, 0.0, 0.0, 0.0, 0.0, 0.0, 0.0]
[112.5, 57.49999999999999, 32.5, 7.5, 0.0, 0.0, 0.0, 0.0, 0.0, 0.0, 0.0, 0.0]
[110.00000000000001, 80.0, 32.5, 5.0, 0.0, 0.0, 0.0, 0.0, 0.0, 0.0, 0.0, 0.0]
[125.0, 87.5, 40.0, 15.0, 0.0, 0.0, 0.0, 0.0, 0.0, 0.0, 0.0, 0.0]
[127.49999999999999, 95.0, 47.5, 10.0, 0.0, 0.0, 0.0, 0.0, 0.0, 0.0, 0.0, 0.0]
[120.0, 75.0, 35.0, 7.5, 0.0, 0.0, 0.0, 0.0, 0.0, 0.0, 0.0, 0.0]
[127.49999999999999, 95.0, 40.0, 5.0, 0.0, 0.0, 0.0, 0.0, 0.0, 0.0, 0.0, 0.0]
[114.99999999999999, 80.0, 35.0, 5.0, 0.0, 0.0, 0.0, 0.0, 0.0, 0.0, 0.0, 0.0]
[132.5, 92.5, 37.5, 5.0, 0.0, 0.0, 0.0, 0.0, 0.0, 0.0, 0.0, 0.0]
[125.0, 82.5, 35.0, 5.0, 0.0, 0.0, 0.0, 0.0, 0.0, 0.0, 0.0, 0.0]
[175.0, 80.0, 117.5, 35.0, 0.0, 0.0, 0.0, 0.0, 0.0, 0.0, 0.0, 0.0]
[160.0, 80.0, 112.5, 37.5, 0.0, 0.0, 0.0, 0.0, 0.0, 0.0, 0.0, 0.0]
[172.5, 77.5, 122.50000000000001, 37.5, 0.0, 0.0, 0.0, 0.0, 0.0, 0.0, 0.0, 0.0]
[137.5, 57.49999999999999, 100.0, 32.5, 0.0, 0.0, 0.0, 0.0, 0.0, 0.0, 0.0, 0.0]
[162.5, 70.0, 114.99999999999999, 37.5, 0.0, 0.0, 0.0, 0.0, 0.0, 0.0, 0.0, 0.0]
[142.5, 70.0, 112.5, 32.5, 0.0, 0.0, 0.0, 0.0, 0.0, 0.0, 0.0, 0.0]
[157.5, 82.5, 117.5, 40.0, 0.0, 0.0, 0.0, 0.0, 0.0, 0.0, 0.0, 0.0]
[122.50000000000001, 60.0, 82.5, 25.0, 0.0, 0.0, 0.0, 0.0, 0.0, 0.0, 0.0, 0.0]
[165.0, 72.5, 114.99999999999999, 32.5, 0.0, 0.0, 0.0, 0.0, 0.0, 0.0, 0.0, 0.0]
[130.0, 67.5, 97.5, 35.0, 0.0, 0.0, 0.0, 0.0, 0.0, 0.0, 0.0, 0.0]
[125.0, 50.0, 87.5, 25.0, 0.0, 0.0, 0.0, 0.0, 0.0, 0.0, 0.0, 0.0]
[147.5, 75.0, 105.0, 37.5, 0.0, 0.0, 0.0, 0.0, 0.0, 0.0, 0.0, 0.0]
[150.0, 55.00000000000001, 100.0, 25.0, 0.0, 0.0, 0.0, 0.0, 0.0, 0.0, 0.0, 0.0]
[152.5, 72.5, 117.5, 35.0, 0.0, 0.0, 0.0, 0.0, 0.0, 0.0, 0.0, 0.0]
[140.0, 72.5, 90.0, 32.5, 0.0, 0.0, 0.0, 0.0, 0.0, 0.0, 0.0, 0.0]
[167.5, 77.5, 110.00000000000001, 35.0, 0.0, 0.0, 0.0, 0.0, 0.0, 0.0, 0.0, 0.0]
[140.0, 75.0, 112.5, 37.5, 0.0, 0.0, 0.0, 0.0, 0.0, 0.0, 0.0, 0.0]
[145.0, 67.5, 102.49999999999999, 25.0, 0.0, 0.0, 0.0, 0.0, 0.0, 0.0, 0.0, 0.0]
[155.0, 55.00000000000001, 112.5, 37.5, 0.0, 0.0, 0.0, 0.0, 0.0, 0.0, 0.0, 0.0]
[140.0, 62.5, 97.5, 27.500000000000004, 0.0, 0.0, 0.0, 0.0, 0.0, 0.0, 0.0, 0.0]
[147.5, 80.0, 120.0, 45.0, 0.0, 0.0, 0.0, 0.0, 0.0, 0.0, 0.0, 0.0]
[152.5, 70.0, 100.0, 32.5, 0.0, 0.0, 0.0, 0.0, 0.0, 0.0, 0.0, 0.0]
[157.5, 62.5, 122.50000000000001, 37.5, 0.0, 0.0, 0.0, 0.0, 0.0, 0.0, 0.0, 0.0]
[152.5, 70.0, 117.5, 30.0, 0.0, 0.0, 0.0, 0.0, 0.0, 0.0, 0.0, 0.0]
[160.0, 72.5, 107.5, 32.5, 0.0, 0.0, 0.0, 0.0, 0.0, 0.0, 0.0, 0.0]
[165.0, 75.0, 110.00000000000001, 35.0, 0.0, 0.0, 0.0, 0.0, 0.0, 0.0, 0.0, 0.0]
[170.0, 70.0, 120.0, 35.0, 0.0, 0.0, 0.0, 0.0, 0.0, 0.0, 0.0, 0.0]
[167.5, 75.0, 125.0, 42.5, 0.0, 0.0, 0.0, 0.0, 0.0, 0.0, 0.0, 0.0]
[150.0, 72.5, 112.5, 37.5, 0.0, 0.0, 0.0, 0.0, 0.0, 0.0, 0.0, 0.0]
[142.5, 65.0, 87.5, 25.0, 0.0, 0.0, 0.0, 0.0, 0.0, 0.0, 0.0, 0.0]
[137.5, 60.0, 95.0, 27.500000000000004, 0.0, 0.0, 0.0, 0.0, 0.0, 0.0, 0.0, 0.0]
[137.5, 60.0, 92.5, 25.0, 0.0, 0.0, 0.0, 0.0, 0.0, 0.0, 0.0, 0.0]
[145.0, 67.5, 97.5, 30.0, 0.0, 0.0, 0.0, 0.0, 0.0, 0.0, 0.0, 0.0]
[150.0, 67.5, 127.49999999999999, 40.0, 0.0, 0.0, 0.0, 0.0, 0.0, 0.0, 0.0, 0.0]
[135.0, 75.0, 112.5, 37.5, 0.0, 0.0, 0.0, 0.0, 0.0, 0.0, 0.0, 0.0]
[150.0, 85.0, 112.5, 40.0, 0.0, 0.0, 0.0, 0.0, 0.0, 0.0, 0.0, 0.0]
[167.5, 77.5, 117.5, 37.5, 0.0, 0.0, 0.0, 0.0, 0.0, 0.0, 0.0, 0.0]
[157.5, 57.49999999999999, 110.00000000000001, 32.5, 0.0, 0.0, 0.0, 0.0, 0.0, 0.0, 0.0, 0.0]
[140.0, 75.0, 102.49999999999999, 32.5, 0.0, 0.0, 0.0, 0.0, 0.0, 0.0, 0.0, 0.0]
[137.5, 62.5, 100.0, 32.5, 0.0, 0.0, 0.0, 0.0, 0.0, 0.0, 0.0, 0.0]
[137.5, 65.0, 110.00000000000001, 30.0, 0.0, 0.0, 0.0, 0.0, 0.0, 0.0, 0.0, 0.0]
[152.5, 75.0, 114.99999999999999, 35.0, 0.0, 0.0, 0.0, 0.0, 0.0, 0.0, 0.0, 0.0]
[145.0, 65.0, 100.0, 30.0, 0.0, 0.0, 0.0, 0.0, 0.0, 0.0, 0.0, 0.0]
[125.0, 57.49999999999999, 82.5, 25.0, 0.0, 0.0, 0.0, 0.0, 0.0, 0.0, 0.0, 0.0]
[140.0, 67.5, 105.0, 32.5, 0.0, 0.0, 0.0, 0.0, 0.0, 0.0, 0.0, 0.0]
[142.5, 75.0, 105.0, 30.0, 0.0, 0.0, 0.0, 0.0, 0.0, 0.0, 0.0, 0.0]
[142.5, 72.5, 105.0, 32.5, 0.0, 0.0, 0.0, 0.0, 0.0, 0.0, 0.0, 0.0]
[155.0, 72.5, 107.5, 32.5, 0.0, 0.0, 0.0, 0.0, 0.0, 0.0, 0.0, 0.0]
[127.49999999999999, 62.5, 75.0, 27.500000000000004, 0.0, 0.0, 0.0, 0.0, 0.0, 0.0, 0.0, 0.0]
[142.5, 70.0, 102.49999999999999, 32.5, 0.0, 0.0, 0.0, 0.0, 0.0, 0.0, 0.0, 0.0]
[157.5, 82.5, 150.0, 62.5, 0.0, 0.0, 0.0, 0.0, 0.0, 0.0, 0.0, 0.0]
[145.0, 67.5, 127.49999999999999, 47.5, 0.0, 0.0, 0.0, 0.0, 0.0, 0.0, 0.0, 0.0]
[177.5, 75.0, 147.5, 52.5, 0.0, 0.0, 0.0, 0.0, 0.0, 0.0, 0.0, 0.0]
[157.5, 72.5, 140.0, 45.0, 0.0, 0.0, 0.0, 0.0, 0.0, 0.0, 0.0, 0.0]
[162.5, 75.0, 145.0, 55.00000000000001, 0.0, 0.0, 0.0, 0.0, 0.0, 0.0, 0.0, 0.0]
[190.0, 75.0, 165.0, 52.5, 0.0, 0.0, 0.0, 0.0, 0.0, 0.0, 0.0, 0.0]
[122.50000000000001, 62.5, 112.5, 42.5, 0.0, 0.0, 0.0, 0.0, 0.0, 0.0, 0.0, 0.0]
[182.5, 72.5, 157.5, 45.0, 0.0, 0.0, 0.0, 0.0, 0.0, 0.0, 0.0, 0.0]
[167.5, 62.5, 145.0, 45.0, 0.0, 0.0, 0.0, 0.0, 0.0, 0.0, 0.0, 0.0]
[180.0, 90.0, 152.5, 62.5, 0.0, 0.0, 0.0, 0.0, 0.0, 0.0, 0.0, 0.0]
[162.5, 80.0, 127.49999999999999, 50.0, 0.0, 0.0, 0.0, 0.0, 0.0, 0.0, 0.0, 0.0]
[160.0, 67.5, 132.5, 47.5, 0.0, 0.0, 0.0, 0.0, 0.0, 0.0, 0.0, 0.0]
[170.0, 75.0, 137.5, 52.5, 0.0, 0.0, 0.0, 0.0, 0.0, 0.0, 0.0, 0.0]
[142.5, 62.5, 125.0, 50.0, 0.0, 0.0, 0.0, 0.0, 0.0, 0.0, 0.0, 0.0]
[145.0, 70.0, 127.49999999999999, 60.0, 0.0, 0.0, 0.0, 0.0, 0.0, 0.0, 0.0, 0.0]
[160.0, 80.0, 132.5, 57.49999999999999, 0.0, 0.0, 0.0, 0.0, 0.0, 0.0, 0.0, 0.0]
[162.5, 75.0, 137.5, 45.0, 0.0, 0.0, 0.0, 0.0, 0.0, 0.0, 0.0, 0.0]
[192.5, 95.0, 167.5, 55.00000000000001, 0.0, 0.0, 0.0, 0.0, 0.0, 0.0, 0.0, 0.0]
[192.5, 65.0, 172.5, 57.49999999999999, 0.0, 0.0, 0.0, 0.0, 0.0, 0.0, 0.0, 0.0]
[150.0, 55.00000000000001, 125.0, 37.5, 0.0, 0.0, 0.0, 0.0, 0.0, 0.0, 0.0, 0.0]
[172.5, 80.0, 142.5, 57.49999999999999, 0.0, 0.0, 0.0, 0.0, 0.0, 0.0, 0.0, 0.0]
[140.0, 70.0, 122.50000000000001, 50.0, 0.0, 0.0, 0.0, 0.0, 0.0, 0.0, 0.0, 0.0]
[192.5, 70.0, 167.5, 50.0, 0.0, 0.0, 0.0, 0.0, 0.0, 0.0, 0.0, 0.0]
[157.5, 67.5, 122.50000000000001, 45.0, 0.0, 0.0, 0.0, 0.0, 0.0, 0.0, 0.0, 0.0]
[167.5, 82.5, 142.5, 52.5, 0.0, 0.0, 0.0, 0.0, 0.0, 0.0, 0.0, 0.0]
[180.0, 80.0, 150.0, 45.0, 0.0, 0.0, 0.0, 0.0, 0.0, 0.0, 0.0, 0.0]
[155.0, 70.0, 120.0, 45.0, 0.0, 0.0, 0.0, 0.0, 0.0, 0.0, 0.0, 0.0]
[152.5, 75.0, 122.50000000000001, 45.0, 0.0, 0.0, 0.0, 0.0, 0.0, 0.0, 0.0, 0.0]
[160.0, 70.0, 140.0, 52.5, 0.0, 0.0, 0.0, 0.0, 0.0, 0.0, 0.0, 0.0]
[180.0, 75.0, 145.0, 40.0, 0.0, 0.0, 0.0, 0.0, 0.0, 0.0, 0.0, 0.0]
[185.0, 70.0, 152.5, 47.5, 0.0, 0.0, 0.0, 0.0, 0.0, 0.0, 0.0, 0.0]
[197.5, 95.0, 160.0, 50.0, 0.0, 0.0, 0.0, 0.0, 0.0, 0.0, 0.0, 0.0]
[160.0, 70.0, 140.0, 55.00000000000001, 0.0, 0.0, 0.0, 0.0, 0.0, 0.0, 0.0, 0.0]
[157.5, 70.0, 127.49999999999999, 37.5, 0.0, 0.0, 0.0, 0.0, 0.0, 0.0, 0.0, 0.0]
[152.5, 65.0, 140.0, 35.0, 0.0, 0.0, 0.0, 0.0, 0.0, 0.0, 0.0, 0.0]
[192.5, 75.0, 152.5, 57.49999999999999, 0.0, 0.0, 0.0, 0.0, 0.0, 0.0, 0.0, 0.0]
[157.5, 85.0, 140.0, 60.0, 0.0, 0.0, 0.0, 0.0, 0.0, 0.0, 0.0, 0.0]
[160.0, 77.5, 137.5, 45.0, 0.0, 0.0, 0.0, 0.0, 0.0, 0.0, 0.0, 0.0]
[150.0, 75.0, 120.0, 45.0, 0.0, 0.0, 0.0, 0.0, 0.0, 0.0, 0.0, 0.0]
[172.5, 77.5, 135.0, 52.5, 0.0, 0.0, 0.0, 0.0, 0.0, 0.0, 0.0, 0.0]
[167.5, 77.5, 140.0, 60.0, 0.0, 0.0, 0.0, 0.0, 0.0, 0.0, 0.0, 0.0]
[172.5, 77.5, 127.49999999999999, 57.49999999999999, 0.0, 0.0, 0.0, 0.0, 0.0, 0.0, 0.0, 0.0]
[145.0, 67.5, 127.49999999999999, 47.5, 0.0, 0.0, 0.0, 0.0, 0.0, 0.0, 0.0, 0.0]
[170.0, 80.0, 147.5, 57.49999999999999, 0.0, 0.0, 0.0, 0.0, 0.0, 0.0, 0.0, 0.0]
[167.5, 82.5, 142.5, 62.5, 0.0, 0.0, 0.0, 0.0, 0.0, 0.0, 0.0, 0.0]
[167.5, 75.0, 130.0, 57.49999999999999, 0.0, 0.0, 0.0, 0.0, 0.0, 0.0, 0.0, 0.0]
[157.5, 62.5, 125.0, 47.5, 0.0, 0.0, 0.0, 0.0, 0.0, 0.0, 0.0, 0.0]
[162.5, 75.0, 130.0, 50.0, 0.0, 0.0, 0.0, 0.0, 0.0, 0.0, 0.0, 0.0]
[155.0, 85.0, 135.0, 57.49999999999999, 0.0, 0.0, 0.0, 0.0, 0.0, 0.0, 0.0, 0.0]
[147.5, 75.0, 127.49999999999999, 45.0, 0.0, 0.0, 0.0, 0.0, 0.0, 0.0, 0.0, 0.0]
['Iris-setosa', 'Iris-setosa', 'Iris-setosa', 'Iris-setosa', 'Iris-setosa', 'Iris-setosa', 'Iris-setosa', 'Iris-setosa', 'Iris-setosa', 'Iris-setosa', 'Iris-setosa', 'Iris-setosa', 'Iris-setosa', 'Iris-setosa', 'Iris-setosa', 'Iris-setosa', 'Iris-setosa', 'Iris-setosa', 'Iris-setosa', 'Iris-setosa', 'Iris-setosa', 'Iris-setosa', 'Iris-setosa', 'Iris-setosa', 'Iris-setosa', 'Iris-setosa', 'Iris-setosa', 'Iris-setosa', 'Iris-setosa', 'Iris-setosa', 'Iris-setosa', 'Iris-setosa', 'Iris-setosa', 'Iris-setosa', 'Iris-setosa', 'Iris-setosa', 'Iris-setosa', 'Iris-setosa', 'Iris-setosa', 'Iris-setosa', 'Iris-setosa', 'Iris-setosa', 'Iris-setosa', 'Iris-setosa', 'Iris-setosa', 'Iris-setosa', 'Iris-setosa', 'Iris-setosa', 'Iris-setosa', 'Iris-setosa', 'Iris-versicolor', 'Iris-versicolor', 'Iris-versicolor', 'Iris-versicolor', 'Iris-versicolor', 'Iris-versicolor', 'Iris-versicolor', 'Iris-versicolor', 'Iris-versicolor', 'Iris-versicolor', 'Iris-versicolor', 'Iris-versicolor', 'Iris-versicolor', 'Iris-versicolor', 'Iris-versicolor', 'Iris-versicolor', 'Iris-versicolor', 'Iris-versicolor', 'Iris-versicolor', 'Iris-versicolor', 'Iris-versicolor', 'Iris-versicolor', 'Iris-versicolor', 'Iris-versicolor', 'Iris-versicolor', 'Iris-versicolor', 'Iris-versicolor', 'Iris-versicolor', 'Iris-versicolor', 'Iris-versicolor', 'Iris-versicolor', 'Iris-versicolor', 'Iris-versicolor', 'Iris-versicolor', 'Iris-versicolor', 'Iris-versicolor', 'Iris-versicolor', 'Iris-versicolor', 'Iris-versicolor', 'Iris-versicolor', 'Iris-versicolor', 'Iris-versicolor', 'Iris-versicolor', 'Iris-versicolor', 'Iris-versicolor', 'Iris-versicolor', 'Iris-versicolor', 'Iris-versicolor', 'Iris-versicolor', 'Iris-versicolor', 'Iris-virginica', 'Iris-virginica', 'Iris-virginica', 'Iris-virginica', 'Iris-virginica', 'Iris-virginica', 'Iris-virginica', 'Iris-virginica', 'Iris-virginica', 'Iris-virginica', 'Iris-virginica', 'Iris-virginica', 'Iris-virginica', 'Iris-virginica', 'Iris-virginica', 'Iris-virginica', 'Iris-virginica', 'Iris-virginica', 'Iris-virginica', 'Iris-virginica', 'Iris-virginica', 'Iris-virginica', 'Iris-virginica', 'Iris-virginica', 'Iris-virginica', 'Iris-virginica', 'Iris-virginica', 'Iris-virginica', 'Iris-virginica', 'Iris-virginica', 'Iris-virginica', 'Iris-virginica', 'Iris-virginica', 'Iris-virginica', 'Iris-virginica', 'Iris-virginica', 'Iris-virginica', 'Iris-virginica', 'Iris-virginica', 'Iris-virginica', 'Iris-virginica', 'Iris-virginica', 'Iris-virginica', 'Iris-virginica', 'Iris-virginica', 'Iris-virginica', 'Iris-virginica', 'Iris-virginica', 'Iris-virginica', 'Iris-virginica']
